A0 6 15 4
A1 9 40	6
A2 9 12	9
A3 12 15 4
A4 30 11 2
A5 45 70 1
A6 70 23 9
A7 75 23 5
A8 75 18 7
A9 90 5 6
B0 150 80 6
B1 155 50 8
B2 155 12 5
B3 220 45 7
B4 230 33 2
B5 240 11 3
B6 240 15 8
B7 258 8 1
B8 275 90 1
B9 291 120 2
C0 308 5 4
C1 325 8 9
C2 342 34 8
C3 359 35 6
C4 376 60 7
C5 392 11 8
C6 409 12 8
C7 426 15 2
C8 443 87 3
C9 460 64 2
D0 460 49 5
D1 493 15 8
D2 510 46 4
D3 527 48 6
D4 544 23 1
D5 561 10 7
D6 577 80 9
D7 611 56 3
D8 611 20 2
D9 628 11 8
E0 887 31 9
E1 890 22 4
E2 900 7 8
E3 900 18 9
E4 900 7 3
E5 920 40 2
E6 933 59 4
E7 933 40 4
E8 950 11 7
E9 955 37 3
F0 960 24 6
F1 962 4 7
F2 977 14 1
F3 980 13 1
F4 989 32 5
F5 990 12 8
F6 992 27 4
F7 994 12 5
F8 999 60 5
F9 3000 14 4
G0 3020 51 2
G1 3300 11 8
G2 3309 8 2
G3 3400 90 4
G4 3409 400 2
G5 4000 29 7
G6 4000 35 9
G7 4200 41 8
G8 4330 13 4
G9 4400 23 6
H0 4442 56 5
H1 4444 19 4
H2 4489 34 2
H3 4492 20 7
H4 4800 74 3
H5 4801 23 3
H6 4819 71 6
H7 4900 14 9
H8 4912 11 4
H9 4928 9 9
I0 5000 80 8
I1 5080 21 5
I2 5099 17 3
I3 5140 24 8
I4 5140 24 9
I5 5140 13 8
I6 5140 90 1
I7 5200 32 4
I8 5201 12 7
I9 5245 120 2
J0 8000 40 3
J1 8009 26 6
J2 8100 13 9
J3 8139 65 5
J4 8250 10 9
J5 8260 22 8
J6 8300 14 4
J7 8420 90 2
J8 8880 75 7
J9 8999 210 7     